   -0.230   -0.570
    1.086    0.366
    1.204    0.434
    0.126   -0.514
   -0.776   -1.066
   -0.650   -0.280
   -0.224    0.816
   -0.586    0.794
   -1.374   -0.234
   -1.446   -1.026
   -0.310   -0.640
    1.026    0.306
    1.164    0.354
    0.116   -0.594
   -0.696   -1.096
   -0.370   -0.210
    0.276    1.046
    0.194    1.254
   -0.244    0.506
    0.074    0.014
    1.540    0.670
    3.056    1.806
    3.184    1.964
    2.066    1.116
    1.034    0.594
    0.900    1.180
    0.956    1.966
    0.284    1.684
   -0.794    0.446
   -1.216   -0.606
   -0.420   -0.500
    0.746    0.286
    0.844    0.314
   -0.194   -0.624
   -1.046   -1.136
   -0.810   -0.320
   -0.314    0.816
   -0.606    0.834
   -1.334   -0.144
   -1.356   -0.906
   -0.200   -0.530
    1.126    0.406
    1.234    0.454
    0.146   -0.504
   -0.786   -1.056
   -0.650   -0.270
   -0.204    0.836
   -0.526    0.824
   -1.294   -0.184
   -1.356   -0.956
   -0.210   -0.570
    1.146    0.376
    1.234    0.414
    0.126   -0.524
   -0.786   -1.056
   -0.640   -0.280
   -0.214    0.796
   -0.526    0.804
   -1.284   -0.164
   -1.326   -0.936
   -0.180   -0.570
    1.146    0.356
    1.244    0.414
    0.146   -0.534
   -0.776   -1.076
   -0.620   -0.290
   -0.174    0.816
   -0.496    0.834
   -1.264   -0.154
   -1.316   -0.936
   -0.160   -0.560
    1.166    0.386
    1.264    0.434
    0.176   -0.524
   -0.736   -1.066
   -0.590   -0.280
   -0.144    0.826
   -0.476    0.834
   -1.234   -0.164
   -1.266   -0.936
   -0.120   -0.560
    1.196    0.386
    1.304    0.434
    0.226   -0.514
   -0.686   -1.036
   -0.540   -0.260
   -0.094    0.836
   -0.426    0.834
   -1.184   -0.154
   -1.216   -0.906
   -0.060   -0.520
    1.266    0.416
    1.364    0.464
    0.266   -0.494
   -0.636   -1.026
   -0.480   -0.230
   -0.044    0.866
   -0.366    0.864
   -1.104   -0.124
   -1.136   -0.886
    0.020   -0.490
    1.356    0.446
    1.454    0.484
    0.356   -0.474
   -0.546   -0.996
   -0.370   -0.200
    0.066    0.896
   -0.256    0.894
   -1.014   -0.094
   -1.036   -0.846
    0.110   -0.460
    1.446    0.476
    1.564    0.534
    0.496   -0.404
   -0.406   -0.936
   -0.260   -0.150
    0.176    0.946
   -0.136    0.954
   -0.874   -0.044
   -0.906   -0.816
    0.250   -0.410
    1.576    0.536
    1.684    0.564
    0.586   -0.394
   -0.316   -0.916
   -0.150   -0.110
    0.296    0.996
   -0.026    0.984
   -0.794   -0.024
   -0.846   -0.796
    0.320   -0.400
    1.656    0.546
    1.754    0.584
    0.656   -0.364
   -0.256   -0.896
   -0.110   -0.110
    0.316    0.986
   -0.006    0.984
   -0.764   -0.014
   -0.806   -0.786
    0.340   -0.390
    1.646    0.546
    1.724    0.574
    0.616   -0.394
   -0.296   -0.916
   -0.140   -0.110
    0.286    0.976
   -0.066    0.954
   -0.834   -0.034
   -0.876   -0.796
    0.270   -0.420
    1.566    0.516
    1.634    0.544
    0.516   -0.414
   -0.406   -0.946
   -0.260   -0.160
    0.176    0.936
   -0.176    0.924
   -0.954   -0.074
   -0.986   -0.846
    0.150   -0.460
    1.456    0.476
    1.514    0.514
    0.406   -0.454
   -0.526   -0.986
   -0.380   -0.210
    0.036    0.876
   -0.306    0.864
   -1.064   -0.134
   -1.096   -0.906
    0.040   -0.520
    1.346    0.426
    1.424    0.464
    0.316   -0.494
   -0.606   -1.026
   -0.460   -0.240
   -0.034    0.856
   -0.366    0.844
   -1.124   -0.154
   -1.166   -0.916
   -0.020   -0.520
    1.296    0.416
    1.384    0.454
    0.266   -0.514
   -0.646   -1.046
   -0.500   -0.240
   -0.074    0.846
   -0.416    0.824
   -1.164   -0.174
   -1.196   -0.926
   -0.040   -0.530
    1.266    0.406
    1.354    0.444
    0.266   -0.514
   -0.656   -1.046
   -0.510   -0.240
   -0.074    0.856
   -0.396    0.834
   -1.164   -0.154
   -1.196   -0.916
   -0.030   -0.520
    1.296    0.436
    1.364    0.464
    0.246   -0.514
   -0.656   -1.026
   -0.490   -0.210
   -0.064    0.886
   -0.386    0.864
   -1.134   -0.134
   -1.176   -0.906
   -0.030   -0.500
    1.296    0.446
    1.384    0.494
    0.266   -0.474
   -0.656   -1.006
   -0.500   -0.200
   -0.064    0.886
   -0.386    0.864
   -1.144   -0.124
   -1.176   -0.876
   -0.010   -0.470
    1.326    0.486
    1.404    0.504
    0.286   -0.464
   -0.616   -0.986
   -0.440   -0.170
    0.006    0.926
   -0.316    0.914
   -1.074   -0.074
   -1.106   -0.836
    0.070   -0.430
    1.406    0.526
    1.484    0.564
    0.356   -0.414
   -0.576   -0.956
   -0.410   -0.140
    0.046    0.946
   -0.286    0.924
   -1.034   -0.074
   -1.046   -0.816
    0.110   -0.400
    1.426    0.546
    1.484    0.574
    0.326   -0.424
   -0.626   -0.966
   -0.470   -0.170
   -0.034    0.926
   -0.366    0.904
   -1.114   -0.094
   -1.146   -0.856
    0.000   -0.460
    1.316    0.476
    1.384    0.504
    0.236   -0.474
   -0.706   -1.006
   -0.570   -0.210
   -0.154    0.876
   -0.496    0.854
   -1.264   -0.164
   -1.306   -0.946
   -0.150   -0.530
    1.166    0.426
    1.214    0.434
    0.076   -0.544
   -0.846   -1.076
   -0.690   -0.270
   -0.244    0.826
   -0.576    0.804
   -1.334   -0.194
   -1.366   -0.966
   -0.210   -0.560
    1.106    0.406
    1.174    0.434
    0.046   -0.554
   -0.866   -1.076
   -0.700   -0.260
   -0.254    0.846
   -0.596    0.824
   -1.354   -0.184
   -1.376   -0.956
   -0.220   -0.550
    1.096    0.396
    1.174    0.434
    0.056   -0.544
   -0.876   -1.086
   -0.730   -0.280
   -0.284    0.836
   -0.606    0.814
   -1.354   -0.204
   -1.386   -0.966
   -0.220   -0.550
    1.106    0.406
    1.174    0.434
    0.056   -0.544
   -0.856   -1.066
   -0.680   -0.250
   -0.244    0.856
   -0.586    0.814
   -1.334   -0.194
   -1.356   -0.956
   -0.190   -0.530
    1.116    0.416
    1.174    0.414
    0.026   -0.604
   -0.936   -1.156
   -0.790   -0.360
   -0.354    0.746
   -0.686    0.714
   -1.414   -0.304
   -1.366   -1.066
   -0.060   -0.590
    1.446    0.486
    1.744    0.694
    0.896   -0.064
    0.324   -0.316
    0.850    0.800
    1.576    2.146
    1.364    2.254
    0.626    1.356
    0.574    0.714
    1.610    1.110
    2.606    1.806
    2.264    1.504
    0.786    0.256
   -0.426   -0.506
   -0.580    0.020
   -0.454    0.856
   -0.926    0.694
   -1.634   -0.304
   -1.566   -1.026
   -0.320   -0.580
    1.056    0.396
    1.174    0.464
    0.066   -0.494
   -0.826   -1.016
   -0.640   -0.210
   -0.204    0.866
   -0.536    0.834
   -1.294   -0.184
   -1.316   -0.946
   -0.140   -0.540
    1.176    0.416
    1.234    0.444
    0.096   -0.534
   -0.816   -1.046
   -0.650   -0.240
   -0.204    0.846
   -0.526    0.814
   -1.274   -0.184
   -1.286   -0.946
   -0.120   -0.530
    1.196    0.416
    1.254    0.444
    0.136   -0.524
   -0.776   -1.046
   -0.610   -0.230
   -0.164    0.866
   -0.506    0.834
   -1.254   -0.184
   -1.246   -0.926
   -0.080   -0.500
    1.216    0.446
    1.274    0.464
    0.166   -0.514
   -0.746   -1.026
   -0.570   -0.210
   -0.134    0.876
   -0.466    0.844
   -1.224   -0.164
   -1.226   -0.916
   -0.050   -0.490
    1.266    0.466
    1.314    0.474
    0.186   -0.514
   -0.726   -1.036
   -0.560   -0.220
   -0.114    0.886
   -0.446    0.854
   -1.184   -0.154
   -1.186   -0.896
   -0.010   -0.480
    1.286    0.476
    1.344    0.484
    0.216   -0.504
   -0.696   -1.016
   -0.530   -0.190
   -0.094    0.896
   -0.416    0.854
   -1.154   -0.144
   -1.156   -0.886
    0.020   -0.460
    1.326    0.496
    1.384    0.504
    0.256   -0.474
   -0.646   -0.986
   -0.460   -0.160
   -0.014    0.936
   -0.356    0.894
   -1.094   -0.124
   -1.106   -0.866
    0.090   -0.430
    1.416    0.516
    1.464    0.524
    0.336   -0.444
   -0.566   -0.946
   -0.380   -0.120
    0.066    0.976
   -0.256    0.934
   -1.004   -0.074
   -1.006   -0.826
    0.190   -0.380
    1.516    0.586
    1.564    0.594
    0.426   -0.394
   -0.466   -0.896
   -0.280   -0.070
    0.166    1.016
   -0.166    0.974
   -0.914   -0.044
   -0.916   -0.786
    0.260   -0.350
    1.566    0.606
    1.614    0.614
    0.486   -0.364
   -0.436   -0.876
   -0.260   -0.050
    0.186    1.036
   -0.156    0.984
   -0.904   -0.024
   -0.906   -0.776
    0.280   -0.340
    1.586    0.616
    1.614    0.614
    0.466   -0.374
   -0.446   -0.886
   -0.270   -0.070
    0.156    1.026
   -0.186    0.984
   -0.934   -0.034
   -0.946   -0.786
    0.220   -0.350
    1.516    0.596
    1.544    0.604
    0.396   -0.394
   -0.536   -0.906
   -0.370   -0.080
    0.056    0.996
   -0.286    0.954
   -1.054   -0.064
   -1.076   -0.826
    0.100   -0.400
    1.396    0.556
    1.424    0.554
    0.266   -0.444
   -0.656   -0.966
   -0.480   -0.130
   -0.054    0.956
   -0.406    0.904
   -1.154   -0.114
   -1.156   -0.866
    0.010   -0.430
    1.296    0.516
    1.324    0.504
    0.176   -0.494
   -0.736   -0.996
   -0.560   -0.160
   -0.124    0.916
   -0.466    0.864
   -1.214   -0.154
   -1.216   -0.906
   -0.040   -0.460
    1.266    0.496
    1.304    0.494
    0.156   -0.504
   -0.766   -1.016
   -0.590   -0.170
   -0.144    0.916
   -0.496    0.864
   -1.244   -0.164
   -1.236   -0.916
   -0.040   -0.470
    1.256    0.476
    1.294    0.474
    0.156   -0.504
   -0.756   -1.006
   -0.580   -0.170
   -0.134    0.916
   -0.476    0.874
   -1.234   -0.154
   -1.236   -0.906
   -0.030   -0.460
    1.286    0.506
    1.324    0.504
    0.176   -0.494
   -0.746   -0.996
   -0.560   -0.150
   -0.114    0.946
   -0.436    0.884
   -1.184   -0.144
   -1.186   -0.886
    0.010   -0.420
    1.326    0.546
    1.354    0.534
    0.206   -0.474
   -0.706   -0.976
   -0.520   -0.130
   -0.064    0.966
   -0.396    0.914
   -1.144   -0.114
   -1.146   -0.856
    0.030   -0.420
    1.326    0.526
    1.364    0.524
    0.216   -0.464
   -0.696   -0.956
   -0.520   -0.140
   -0.094    0.926
   -0.436    0.874
   -1.164   -0.144
   -1.146   -0.886
    0.050   -0.430
    1.356    0.536
    1.394    0.534
    0.266   -0.454
   -0.626   -0.956
   -0.430   -0.120
    0.006    0.986
   -0.336    0.924
   -1.074   -0.094
   -1.046   -0.826
    0.160   -0.360
    1.456    0.596
    1.474    0.584
    0.316   -0.424
   -0.586   -0.926
   -0.380   -0.090
    0.086    1.006
   -0.246    0.964
   -0.994   -0.064
   -0.996   -0.816
    0.190   -0.360
    1.476    0.596
    1.464    0.574
    0.296   -0.434
   -0.616   -0.946
   -0.420   -0.100
    0.006    0.986
   -0.326    0.944
   -1.074   -0.094
   -1.066   -0.856
    0.110   -0.410
    1.386    0.536
    1.394    0.524
    0.216   -0.474
   -0.706   -0.986
   -0.530   -0.140
   -0.094    0.946
   -0.446    0.884
   -1.194   -0.154
   -1.196   -0.906
   -0.010   -0.450
    1.276    0.506
    1.284    0.474
    0.126   -0.524
   -0.776   -1.016
   -0.580   -0.170
   -0.134    0.906
   -0.486    0.854
   -1.244   -0.184
   -1.236   -0.936
   -0.040   -0.480
    1.256    0.486
    1.274    0.474
    0.126   -0.514
   -0.786   -1.016
   -0.610   -0.170
   -0.184    0.896
   -0.536    0.834
   -1.284   -0.204
   -1.266   -0.946
   -0.060   -0.480
    1.246    0.466
    1.264    0.444
    0.096   -0.554
   -0.816   -1.046
   -0.630   -0.210
   -0.194    0.866
   -0.526    0.804
   -1.264   -0.224
   -1.256   -0.966
   -0.060   -0.500
    1.236    0.456
    1.244    0.444
    0.086   -0.554
   -0.816   -1.046
   -0.620   -0.190
   -0.174    0.886
   -0.516    0.814
   -1.254   -0.224
   -1.256   -0.956
   -0.070   -0.510
    1.206    0.406
    1.184    0.344
   -0.004   -0.674
   -0.916   -1.156
   -0.720   -0.310
   -0.254    0.756
   -0.536    0.704
   -1.154   -0.284
   -0.966   -0.916
    0.480   -0.280
    2.076    0.906
    2.414    1.164
    1.606    0.456
    0.994    0.234
    1.340    1.260
    1.786    2.456
    1.434    2.494
    0.596    1.476
    0.304    0.514
    1.070    0.630
    2.006    1.296
    1.734    1.034
    0.246   -0.244
   -0.976   -1.006
